LLWearable version 22
Girl Next Door - C2 - med - Adam n Eve

	permissions 0
	{
		base_mask	0008e000
		owner_mask	0008e000
		group_mask	00000000
		everyone_mask	00000000
		next_owner_mask	0008e000
		creator_id	df110c10-72e6-40d6-8916-14b4b0366b18
		owner_id	f335b0d1-6cc1-4ee8-acc1-6e01e24cbacd
		last_owner_id	f335b0d1-6cc1-4ee8-acc1-6e01e24cbacd
		group_id	00000000-0000-0000-0000-000000000000
	}
	sale_info	0
	{
		sale_type	not
		sale_price	10
	}
type 0
parameters 82
1 -.21
2 -.8
4 -.05
5 .04
6 -0
7 .02
8 -.42
10 -.15
11 .98
12 -.5
13 0
14 1
15 -.16
17 .17
18 -.42
19 -.48
20 .06
21 .25
22 0
23 -.44
24 .43
25 .35
27 -.55
33 -.15
34 -.11
35 -.1
36 -1.06
37 -.86
38 -.42
80 0
105 .59
155 -.61
157 0
185 -.68
193 .42
196 -1.04
505 .25
506 -.36
507 -.77
515 -1
517 -.12
518 .6
629 .5
637 .24
646 -.26
647 .07
649 .36
650 .83
652 .42
653 -.28
656 0
659 .76
662 .5
663 0
664 0
665 .08
675 -.14
676 -.58
678 .5
682 .41
683 -.17
684 .28
685 0
690 .46
692 .12
693 -.12
753 .51
756 -.38
758 .21
759 .17
760 .85
764 .32
765 .18
769 .59
773 .53
795 .22
796 0
799 .43
841 -.12
842 .18
879 0
880 -.37
textures 0
