LLWearable version 22
Monteague
My  Regular Self
	permissions 0
	{
		base_mask	0008e000
		owner_mask	0008e000
		group_mask	0008e000
		everyone_mask	0008a000
		next_owner_mask	0008e000
		creator_id	00000000-0000-0000-0000-000000000000
		owner_id	d289c30b-3eff-476a-b754-1b4f984a5a18
		last_owner_id	d289c30b-3eff-476a-b754-1b4f984a5a18
		group_id	00000000-0000-0000-0000-000000000000
	}
	sale_info	0
	{
		sale_type	not
		sale_price	10
	}
type 0
parameters 82
1 -.3
2 -.5
4 -.17
5 .34
6 -.13
7 -.08
8 0
10 .21
11 -.34
12 -.5
13 .44
14 1
15 .06
17 -.19
18 -1.38
19 -.08
20 -.04
21 -.2
22 0
23 -.5
24 .11
25 .69
27 -.22
33 1.05
34 -.46
35 -.13
36 .25
37 .22
38 -.46
80 0
105 .56
155 -.39
157 0
185 -1
193 .75
196 -.8
505 .32
506 -.8
507 -1.04
515 -1
517 .14
518 .78
629 .15
637 .12
646 -.04
647 .65
649 .31
650 -.2
652 .65
653 .05
656 0
659 .5
662 .5
663 0
664 0
665 .2
675 -.15
676 -.28
678 .5
682 .5
683 -.18
684 .18
685 0
690 .4
692 -.12
693 .12
753 .41
756 -.22
758 -.18
759 .45
760 .59
764 -.01
765 -.3
769 .43
773 .55
795 .4
796 .25
799 .5
841 0
842 -.42
879 0
880 -.2
textures 0
